1719554731
86528949
3939083573
3627660139
92927213
4254420372
3649911241
2812159560
2192018384
2662587593
2748705575
598546891
628272478
2184269574
1593394300
4294620805
1271397991
3997142439
2255226700
308549130
2373763579
2362059435
789812551
373609502
3302548545
836076786
2752961119
3772225306
2601816739
2853012764
2327446180
1393560318
2587940674
3739268019
2235024392
877064988
3145134891
76450964
3500857262
398152364
4038343432
625502667
2143856197
3178258350
2058440882
488071294
2268426110
3293605001
2584303416
687751838
2641069472
4255428958
1071538471
2547160872
4070594066
1547324454
1959212328
3718921682
923761106
2342773998
631995694
3087638904
3272198029
1210326500
163779182
3522649680
577172365
2163644308
3362119600
2641637279
2051147440
263877902
3302446568
4108055613
337849824
3172138526
1555733302
2733221174
1473585761
46594154
1347936498
323881593
1820613488
228284099
2681497035
3347129167
1574168790
2136475081
3124811535
3955926171
3030391956
1936376948
2636889290
964509781
2449722648
908555888
3759000983
3046802788
429063134
2826339284
3978652747
1558554859
2141949616
1425193840
3690484870
1921423125
3175865360
3320367580
1643279573
1257578934
1640777299
1570619575
2195035578
2226749570
2454651279
1425746608
2488151428
1267500737
3740715904
2322447941
3090134068
1853546822
3102700523
1986953732
1604824946
971040481
3695325037
2486840334
1988465355
2253250020
3016549526
3838293368
594139382
374538615
3538890384
608086063
2137434271
3082052496
3395160953
4289607091
4013848071
13282625
631656987
3010771473
1242242472
2960624153
235036073
3086722242
4231031200
2158567086
56983000
828412358
2742031746
356732916
1884519385
2137758467
4106009169
3137367513
2581260118
3027767524
2839964681
2307654703
480203852
1277239910
435234731
2517012038
3881929016
1339076727
3486090154
1737093697
2371025553
3109251215
2735334681
1221060516
939682650
527227151
1511030283
1733159886
2665003267
2140645777
67395166
2440723193
1558477082
2760585149
3225392945
3695278902
3860667492
2078077599
2839431817
3847028537
4080126564
6032752
2209557097
2718103812
1818621424
631854778
3398567660
947782516
2834423400
337457850
4028804355
1670281581
912540736
3355599474
1243984848
819428860
395111313
1364750790
2919772682
112970317
1029972985
2432620015
2997901497
3168568747
690236059
2632113074
3443692560
804375425
3859827986
31340430
3802004724
1945508918
3024540135
4240281367
399931278
2058651367
48496368
2199549335
593752697
180880874
1064740300
470735679
4152763645
2283858695
450585831
2005019964
1281789476
3605366424
735820331
2253465965
2223349800
3028860216
2821913110
2968114575
4266773419
1868306613
4140613711
1537266086
2309071863
4078827257
3962134370
3875072274
1393245569
3667542149
3370723492
664801684
1128053694
3232858091
1751743778
513744164
2845341496
1065856808
2607287641
1707931064
2672259895
454388009
1924686394
1927479621
2168391265
1700934315
3570204179
3355900474
3066246040
1750847798
1563628371
858600045
3787150919
3205880987
1909417971
4001949805
1871893290
1870235280
4172792893
1971071144
2715484861
554987171
1137624891
3918537532
997558275
2523651686
1432657822
2265659632
4075431583
4268097728
502556658
207777196
1744965554
772060903
2028545137
640643410
3463333190
2087316440
4277990972
2197855383
1023893854
3316697872
1852680044
1295064894
2153748769
3912802439
2375427897
1562549765
186032178
3330303364
2203850119
680213020
3045599576
1449892262
840957644
3562909985
4159488018
305960599
4190061403
905116337
103626692
2855855752
888805812
3515564655
3778531116
2389411154
2223309074
2241037685
1669672268
3813309545
3948502721
266425806
568013752
2018856316
2295663372
248283121
2671903362
861383936
3403936218
1079002293
3328891116
3766717502
2383526549
1051980116
736017188
3885578464
2976702387
1354232471
1444465404
2011773744
2907349664
3445215852
3883820574
1050423054
1080574779
1970450700
3301513935
3290431214
3227395232
233262975
4293279171
2128474906
2044610648
1392923767
2227310361
1025698504
289497726
1215328599
653803070
2990038528
1584747791
3624952428
657491355
2104585223
899467969
2761779363
3305515132
3786451350
799721323
627285818
3607336614
3630684509
3892156918
572815001
187948772
1585852921
2256131563
251263151
1686423752
775464672
315675712
2346721456
2139220924
3547760477
2963936671
3122610692
1286496630
1228101902
3662483835
3304050774
1164297325
3140351792
3555479474
3769044736
146386456
3297910624
2773272258
3274603698
2741517760
1125752827
427357321
1626967402
792136760
2155780656
3145828423
1673275182
3393293955
3993391433
375908624
1166218408
891938063
2879027320
1488685320
466702630
1937560010
3709414613
1142992760
3982724370
4280567287
1671052071
1825942058
66684914
3106473085
3876920064
143506350
2505727475
3227784856
4139750936
740593095
3351050896
3780720672
1644141888
4020667873
954118414
57552061
1992482586
447805141
1922844676
2322445711
2984398311
2333752250
413753133
490600547
1365692338
860405876
4016354630
1941604091
37436433
1368516155
1158050035
4170573762
1828521568
2159342460
2881521164
3860389471
404718429
1318110741
1934853116
3921513952
1593150610
2714671725
847523554
870697651
1142120780
2473720380
1348614387
486909604
2680405082
4163991038
1070230383
4150810246
3682829702
2086254733
908470679
2221013011
2810564418
1763631685
2518978678
974480637
83692223
2132820721
285898095
3057350263
796290368
39526070
1648006489
1370662114
3962123786
639902219
1591770802
3060762675
4142510348
558056858
4143635710
4019075724
618914542
3302283884
2239240491
3759298970
1979601843
3326614645
3698289222
4282304789
926790552
3513347675
2873419403
1492155321
2959668326
3463928980
3899420975
1189973213
3495617468
1368774141
814788525
704726013
2271392687
3828999743
606863011
3692090251
1013029319
2893083501
1366922943
3312081938
1705752987
1286630393
496565548
4272531050
3678696958
4270589178
1135477410
4293481890
2121474714
2454098488
3840980064
3424676942
232039662
3525214865
1709671954
56798966
2741128430
3474119228
3348283300
1510203671
1164569639
2795836683
3793653650
3371269967
2761891251
1386826214
1031669762
1259837920
3570564123
833968102
1041166751
939715636
4050289064
268355224
309753636
1647747028
2707653143
884794394
2636536701
4185406852
3999533970
1342147788
1702382910
3058413685
2285341588
3871202825
3966922797
1968539825
3286024474
428312867
360010860
2680803736
2656352553
261775106
317891031
2524498240
220715155
4067617826
734482102
1285453427
3222081525
3820574108
75475812
3118889760
1293791834
558393322
3419909067
3380503657
1166674906
3321272165
3557033536
1836631877
3418101490
2955526294
1683428857
4228696067
1182003417
1810998257
4081593199
2754076123
2767498832
64832752
1830604362
1040546363
3003523306
3380242658
2854860364
479690778
545636247
11338259
1731448982
1959654217
66701379
408714276
1702913448
1171737724
2102063474
376566309
4236186849
2850607995
911752038
951758691
1725631022
3131994754
1639725402
1446533146
4035470213
649982732
2170395704
2689657755
2151713656
849847266
4103142528
881091575
4257911940
4249627275
1445894696
3397956516
3390632954
2736345488
159771322
3262909914
1724360125
697169904
2426294451
4042539024
1560117907
1377490694
1580121885
2643352383
3589563450
1046982202
2506087753
3584267673
4289085067
3845820513
1724860998
1181992062
1991305195
3166077417
3951481669
344252767
2500319056
159468195
2978905630
159496676
3748750290
1503364089
1563591876
1321866962
3624531153
2614907767
3960861136
3613561527
1739947678
2493700575
2887777350
2485280717
2891038378
974117589
3593686089
3492189964
2043756222